97996897
93452452
96963412
96564980
97903625
93709710
98016520
93456080
96774531
92561706
97607146
98838156
91382766
94551426
95029395
99164412
93135733
91516980
95870316
93218902
96941670
91978870
99473658
36597864
32949700
34415271
36319985
30989348
39123882
30889110
31210437
36103757
34801947
37970893
32517699
38854316
37539439
39481940
30059441
32762483
34282718
36951098
34707271
34835308
31997604
31641158
34090331
33660332
32457569
39218770
31142454
36815630
39846655
39455385
35788859
32115168
38077515
36286872
38101346
33667662
34836770
37494631
36643686
36732242
38542289
38420229
31614020
35480386
37718398
38763096
38651672
30292606
34684208
37035499
30158380
39621856
37962869
37893428
37872995
35557945
38170666
33283074
38665751
37639621
35898538
36579983
32962667
30816060
30304090
36883804
36738816
37224737
33246516
31070484
32658106
38097509
31963042
33255008
32421384
33703773
31520153
34765563
30507584
36662188
31455221
35748679
39762543
33305489
33306463
32574249
31653830
32149184
31701903
30769997
32560830
31095878
36604887
30232069
31767714
32718796
34741238
30794436
36071802
33965245
33736374
31053449
31526057
33159248
33569467
31518798
33817202
34542295
39643360
34588092
37191500
32344995
34377307
31223110
30241665
37064419
30406138
38362602
31096564
34737248
37871511
37855238
39481808
39523751
37635906
30642789
31650716
35338367
31016100
36816705
36295571
30585508
31865130
37180890
34861109
36429469
37257772
31581212
31122591
32532256
34272369
33700112
37023607
36917839
32024134
38659959
34130150
33866956
33330981
32705231
30492062
38748461
32917466
30652931
34331619
39758334
39928719
30818266
32155701
34518563
30534915
32217691
39186999
39747462
35826337
33013002
39823525
33255968
34162945
36822317
38360865
39733554
37579354
39523689
30572214
31535020
34887817
38151975
33037118
30758802
36022156
38382444
37575683
38473741
35405550
37486943
30665908
37269158
34453308
36217107
39453725
34536034
31114690
35591976
33012479
38559783
35422596
39561233
33102945
30964040
38996487
37660121
36531624
30616223
35157054
35369082
36341446
30761428
33056605
35517837
31050867
32167465
32848587
30867544
32899812
34076724
32255774
36068175
34460971
39167513
39572147
33227243
34081749
35315035
39061898
39585680
33343933
35068957
30905225
36471057
37742702
34744512
36208896
35124418
37871714
38363024
32636764
34014110
34687260
38657319
36017157
34433664
32224146
30553162
33423985
34631305
31004944
30335172
34064963
97146269
94411912
91964554
97388088
90975261
93217448
95876146
91117462
96176754
90852229
91226817
97910258
96491342
92278991
91950033
91051802
92918831
93876294
97751505
92025631
99924662
97621549
91090311
95755128
91661027
93892959
90243097
93280751
99932733
98871533
98382734
92834288
91147077
94456601
90891346
96022577
94800326
92966079
95123768
90785772
97148190
92442219
99542492
92283841
93752870
91336552
92606737
98327117
96916418
96467809
99666446
95947836
98407164
91874179
97580476
90247019
95160404
92713054
97821102
97030334
93150353
91787694
94913884
95286858
92835592
96566760
93604008
97346995
92541533
95263765
99953734
90966562
92580062
95736507
96126611
99885468
97815555
95940996
96300894
98958835
90667292
93012712
95333367
96489096
95335624
97469544
90710828
90999508
95836019
99210820
95591606
98880627
95816186
96267334
98026689
94096305
91530674
96087545
92136069
92090961
95546395
91715949
96042853
97067569
94417844
90614945
94478235
98817883
94933568
91302466
99495129
99340943
99703964
92378157
91999426
96982620
96538710
96347766
90834124
96153717
93529323
90207847
97613307
90552825
96894399
94656044
94481827
98621487
99022366
93520416
92781626
97512758
94030115
98620759
95650920
96274004
92980214
91800718
94164180
96798375
92039862
96042764
99510517
92146240
94197224
90512086
99089766
93033653
98391769
91352367
94584554
90197600
91756022
97090449
90794473
98015997
95125065
93243164
94662520
93687509
96514217
92928003
96438151
93912910
92058862
93061658
99694787
94282075
96121312
95470765
99448546
91053316
92953776
95478213
93739855
96469144
98953050
99079337
94083465
94692986
95020124
97024245
91174872
97591051
93754887
90121927
96238153
93565942
94923351
92981876
97234232
90295496
96404961
92944687
91584520
96616111
92996536
97655911
97303271
92122356
99022228
90743544
97971569
91678863
98060478
90314764
96378078
91744681
94301483
92942496
94925786
99928266
99604326
97974739
96437697
94021879
98130880
99107441
99338960
96052799
93941086
92969942
99920069
93236671
93132973
92578066
99738317

